Gamma: 0.99	Betas: (0.9, 0.999)	LR: 0.0005	Ep. Timstp: 1000	Up. Timestep: 5000	Batch Epochs: 10/tAction Std: 0.1
03/02/2021	13:25:28	5	5	161.40909910202026	-2.621246574431482	0.0	59.3
Gamma: 0.99	Betas: (0.9, 0.999)	LR: 0.0005	Ep. Timstp: 1000	Up. Timestep: 5000	Batch Epochs: 10/tAction Std: 0.1
Gamma: 0.99	Betas: (0.9, 0.999)	LR: 0.0005	Ep. Timstp: 1000	Up. Timestep: 5000	Batch Epochs: 10/tAction Std: 0.1
